voc/JPEGImages/IMG_rot4692.jpg 1607,674,2432,1491,1
voc/JPEGImages/20180706_053252035_iOS.jpg 1053,841,1553,1299,1 2594,0,3003,399,1
voc/JPEGImages/IMG_rot4711.jpg 1349,799,2240,1574,0
voc/JPEGImages/IMG_rot4694.jpg 1407,791,2190,1474,1
voc/JPEGImages/IMG_rot4712.jpg 1366,916,2224,1682,0
voc/JPEGImages/IMG_rot4714.jpg 1316,983,2040,1699,0
voc/JPEGImages/IMG_rot4685.jpg 1641,674,2349,1332,1
voc/JPEGImages/IMG_rot4732.jpg 1324,666,2390,1699,1
voc/JPEGImages/IMG_rot4688.jpg 1466,999,2265,1674,1
voc/JPEGImages/IMG_rot4703.jpg 1491,566,2382,1449,1
voc/JPEGImages/IMG_rot4691.jpg 1782,849,2640,1599,1
voc/JPEGImages/IMG_rot4713.jpg 1416,749,2157,1549,0
voc/JPEGImages/IMG_rot4718.jpg 1324,933,2190,1799,0
voc/JPEGImages/IMG_rot4701.jpg 1474,608,2482,1482,1
voc/JPEGImages/IMG_rot4716.jpg 1291,833,2040,1682,0
voc/JPEGImages/IMG_rot4722.jpg 1199,858,2099,1774,1
voc/JPEGImages/IMG_rot4719.jpg 1399,724,2307,1707,0
voc/JPEGImages/IMG_rot4734.jpg 1041,508,2124,1632,1
voc/JPEGImages/IMG_rot4686.jpg 1474,1149,2265,1824,1
voc/JPEGImages/IMG_rot4717.jpg 1316,841,2140,1666,0
voc/JPEGImages/IMG_rot4687.jpg 1874,958,2665,1666,1
voc/JPEGImages/IMG_rot4733.jpg 991,424,2124,1499,1
voc/JPEGImages/IMG_rot4708.jpg 1416,816,2199,1699,0
voc/JPEGImages/IMG_rot4704.jpg 1574,649,2357,1574,1
voc/JPEGImages/IMG_rot4693.jpg 1532,766,2349,1491,1
voc/JPEGImages/IMG_rot4707.jpg 1657,783,2432,1732,0
voc/JPEGImages/IMG_rot4700.jpg 1407,916,2407,1674,1
voc/JPEGImages/IMG_rot4728.jpg 1174,1057,2090,1857,0
voc/JPEGImages/IMG_rot4709.jpg 1416,733,2274,1682,0
voc/JPEGImages/IMG_rot4727.jpg 1132,916,2140,1749,0
voc/JPEGImages/IMG_rot4690.jpg 1499,949,2315,1632,1
voc/JPEGImages/IMG_rot4723.jpg 1357,741,2057,1474,1
voc/JPEGImages/IMG_rot4724.jpg 1441,791,2157,1549,1
voc/JPEGImages/IMG_rot4730.jpg 1349,1199,2057,1866,1
voc/JPEGImages/IMG_rot4729.jpg 858,558,2107,1699,0
voc/JPEGImages/IMG_rot4699.jpg 1541,883,2107,1482,1
voc/JPEGImages/IMG_rot4698.jpg 1341,816,2024,1541,1
voc/JPEGImages/IMG_rot4696.jpg 1674,874,2257,1474,1
voc/JPEGImages/20180706_051410799_iOS.jpg 753,733,1120,1082,0
voc/JPEGImages/20180706_051311556_iOS.jpg 1570,1149,2120,1699,0
voc/JPEGImages/20180706_051519153_iOS.jpg 753,1332,1170,1816,0 1353,1541,1828,2049,0 1978,1807,2736,2649,0
voc/JPEGImages/20180706_051630872_iOS.jpg 1345,1299,2253,2165,0
voc/JPEGImages/20180706_051636911_iOS.jpg 1345,708,2011,1424,0
voc/JPEGImages/20180706_053231429_iOS.jpg 762,1282,1437,1966,1
voc/JPEGImages/20180706_051316132_iOS.jpg 1570,1249,2070,1732,0
voc/JPEGImages/20180706_053236200_iOS.jpg 1020,1249,2111,2149,1
voc/JPEGImages/20180706_053234432_iOS.jpg 720,1607,1487,2407,1
voc/JPEGImages/20180706_051350387_iOS.jpg 1328,683,2345,1741,0
voc/JPEGImages/20180706_051419289_iOS.jpg 1028,666,1453,1091,0 2378,516,2719,866,0
voc/JPEGImages/20180706_051323835_iOS.jpg 1270,1082,1803,1682,0
voc/JPEGImages/20180706_053113411_iOS.jpg 812,1399,1753,2324,1
voc/JPEGImages/20180706_053231896_iOS.jpg 803,1366,1453,2016,1
voc/JPEGImages/20180706_051328786_iOS.jpg 1020,1049,1920,1974,0
voc/JPEGImages/20180706_053124758_iOS.jpg 1420,1157,2186,1849,1
voc/JPEGImages/20180706_053229261_iOS.jpg 653,1174,1353,1874,1
voc/JPEGImages/20180706_051702456_iOS.jpg 1437,1449,2286,2224,0
voc/JPEGImages/20180706_051659187_iOS.jpg 1020,1032,1620,1574,0
voc/JPEGImages/20180706_053111843_iOS.jpg 662,1682,1462,2524,1
voc/JPEGImages/20180706_053115380_iOS.jpg 845,1449,1512,2099,1
voc/JPEGImages/20180706_053118284_iOS.jpg 937,1332,1670,2016,1
voc/JPEGImages/20180706_053200050_iOS.jpg 1195,1349,2070,2199,1
voc/JPEGImages/20180706_051458500_iOS.jpg 745,1182,1020,1491,0 1470,1216,1745,1491,0 2186,1224,2453,1482,0
voc/JPEGImages/20180706_053134466_iOS.jpg 1303,1291,1928,1882,1
voc/JPEGImages/20180706_053226959_iOS.jpg 1070,849,2003,1882,1
voc/JPEGImages/20180706_053130698_iOS.jpg 1362,1299,1986,1816,1
voc/JPEGImages/20180706_053127361_iOS.jpg 1212,1149,1970,1907,1
voc/JPEGImages/20180706_053247297_iOS.jpg 1053,1274,1553,1707,1 1570,1766,1986,2182,1 2436,0,2903,333,1
voc/JPEGImages/20180706_053248732_iOS.jpg 837,1341,1353,1849,1 2520,0,2936,241,1
voc/JPEGImages/20180706_051502559_iOS.jpg 0,499,287,1008,0 1253,491,1820,1049,0
voc/JPEGImages/20180706_053132999_iOS.jpg 1320,1166,1870,1732,1
voc/JPEGImages/20180706_051339520_iOS.jpg 1312,1649,2203,2449,0
voc/JPEGImages/20180706_053149442_iOS.jpg 953,1424,1512,2016,1
voc/JPEGImages/20180706_051649828_iOS.jpg 1145,1382,1920,2249,0
voc/JPEGImages/20180706_053153578_iOS.jpg 1028,1016,1661,1724,1
voc/JPEGImages/20180706_053250300_iOS.jpg 1320,1291,1770,1724,1 2536,0,2961,266,1 1745,2749,2111,3024,1
voc/JPEGImages/20180706_053222355_iOS.jpg 853,1174,1536,1807,1
voc/JPEGImages/20180706_051331869_iOS.jpg 1278,774,1936,1416,0
voc/JPEGImages/20180706_051507150_iOS.jpg 1178,183,2195,1066,0 2253,174,2769,666,0
voc/JPEGImages/20180706_051515745_iOS.jpg 653,1266,1087,1724,0 1287,1449,1770,1966,0 1970,1766,2719,2624,0
voc/JPEGImages/20180706_053109875_iOS.jpg 578,1332,1370,2016,1
voc/JPEGImages/20180706_053156314_iOS.jpg 1570,1049,2361,1866,1
voc/JPEGImages/20180706_051304527_iOS.jpg 1303,1207,1753,1699,0
voc/JPEGImages/20180706_051331419_iOS.jpg 1253,783,1920,1474,0
voc/JPEGImages/20180706_051851906_iOS.jpg 495,1482,1303,2399,1
voc/JPEGImages/20180706_053151677_iOS.jpg 837,1232,1395,1882,1
voc/JPEGImages/20180706_053142771_iOS.jpg 1137,1566,1778,2140,1
voc/JPEGImages/20180706_053245963_iOS.jpg 1053,1232,1470,1674,1 1645,1849,2003,2132,1 2569,8,2928,366,1
voc/JPEGImages/20180706_051801647_iOS.jpg 1362,1199,1853,1666,1
voc/JPEGImages/20180706_051643664_iOS.jpg 1003,799,1903,1474,0
voc/JPEGImages/20180706_051405763_iOS.jpg 1370,908,2436,1999,0
voc/JPEGImages/20180706_052214431_iOS.jpg 837,1341,1162,1657,1 70,1566,454,1941,1 1828,1132,2195,1566,1
voc/JPEGImages/20180706_052126006_iOS.jpg 970,1641,1611,2207,1
voc/JPEGImages/20180706_052213731_iOS.jpg 1320,1366,1695,1699,1 279,1624,603,1932,1
voc/JPEGImages/20180706_051547129_iOS.jpg 1328,233,2036,983,0
voc/JPEGImages/20180706_051812501_iOS.jpg 1203,1041,1820,1816,1
voc/JPEGImages/20180706_052216156_iOS.jpg 312,1082,770,1507,1 1087,941,1453,1382,1 1970,891,2311,1224,1
voc/JPEGImages/20180706_051336187_iOS.jpg 1620,458,2403,1382,0
voc/JPEGImages/20180706_051806132_iOS.jpg 1462,1174,2361,2065,1
voc/JPEGImages/20180706_051543995_iOS.jpg 1195,91,1970,833,0
voc/JPEGImages/20180706_051532124_iOS.jpg 703,149,1453,1141,0
voc/JPEGImages/20180706_053204354_iOS.jpg 970,1157,1745,2149,1
voc/JPEGImages/20180706_051750935_iOS.jpg 462,1616,953,2099,1 2011,833,2411,1174,1
voc/JPEGImages/20180706_052230906_iOS.jpg 1287,1149,2170,2132,1 770,41,1195,566,1
voc/JPEGImages/20180706_052209706_iOS.jpg 1870,958,2553,1574,1 20,733,504,1216,1
voc/JPEGImages/20180706_051454930_iOS.jpg 637,1199,1003,1591,0 1412,1266,1686,1541,0 2153,1291,2411,1566,0
voc/JPEGImages/20180706_051816067_iOS.jpg 1736,583,2669,1499,1
voc/JPEGImages/20180706_051906214_iOS.jpg 1412,1266,1920,1866,1
voc/JPEGImages/20180706_052203831_iOS.jpg 1087,633,1970,1499,1 2445,483,3019,1182,1
voc/JPEGImages/20180706_051615487_iOS.jpg 995,1099,1753,1816,0
voc/JPEGImages/20180706_051607879_iOS.jpg 1187,1174,1736,1866,0
voc/JPEGImages/20180706_052218156_iOS.jpg 670,1291,1145,1732,1 1711,1241,2128,1649,1 2503,1132,2919,1582,1
voc/JPEGImages/20180706_051845287_iOS.jpg 1053,1149,1786,1941,1
voc/JPEGImages/20180706_052200480_iOS.jpg 1653,824,2220,1432,0
voc/JPEGImages/20180706_051939056_iOS.jpg 1003,1366,1678,2065,1
voc/JPEGImages/20180706_052156288_iOS.jpg 787,824,1653,1799,0
voc/JPEGImages/20180706_051818459_iOS.jpg 1636,1049,2278,1666,1
voc/JPEGImages/20180706_051609396_iOS.jpg 1153,1191,1753,1782,0
voc/JPEGImages/20180706_052228131_iOS.jpg 1720,1257,2403,2065,1 787,283,1387,1016,1 229,0,803,399,1
voc/JPEGImages/20180706_051847638_iOS.jpg 1003,1132,1703,1907,1
voc/JPEGImages/20180706_051540027_iOS.jpg 1153,1066,1845,1682,0
voc/JPEGImages/20180706_052206598_iOS.jpg 12,899,670,1591,1 1162,716,1720,1316,1 2295,608,2744,1066,1
voc/JPEGImages/20180706_052116648_iOS.jpg 970,966,1753,1882,1
voc/JPEGImages/20180706_051932450_iOS.jpg 1103,924,1753,1649,1
voc/JPEGImages/20180706_051837025_iOS.jpg 545,216,1253,1099,1
voc/JPEGImages/20180706_051754704_iOS.jpg 1187,999,1636,1532,1
voc/JPEGImages/20180706_051840827_iOS.jpg 2011,333,2619,1132,1
voc/JPEGImages/20180706_051923467_iOS.jpg 1120,1099,1678,1666,1
voc/JPEGImages/20180706_052112907_iOS.jpg 1053,949,1770,1757,1
voc/JPEGImages/20180706_052222598_iOS.jpg 1636,933,2669,1982,1 1153,383,1861,1149,1 962,283,1412,749,1 820,133,1153,416,1
voc/JPEGImages/20180706_051929613_iOS.jpg 1337,1332,2070,1966,1
voc/JPEGImages/20180706_051809667_iOS.jpg 1228,608,1886,1316,1
voc/JPEGImages/20180706_051529165_iOS.jpg 1328,233,2078,924,0
voc/JPEGImages/20180706_052150360_iOS.jpg 1437,908,2228,1757,0
voc/JPEGImages/20180706_051445129_iOS.jpg 170,833,687,1316,0 1320,883,1811,1357,0 2503,949,2994,1416,0
voc/JPEGImages/20180706_052153613_iOS.jpg 1078,883,1745,1607,0
voc/JPEGImages/20180706_052120707_iOS.jpg 1203,1466,1961,2215,1
voc/JPEGImages/20180706_052245017_iOS.jpg 1503,599,2161,1407,0
voc/JPEGImages/20180706_052140176_iOS.jpg 137,966,753,1466,1 1453,974,1936,1491,1 2336,899,2853,1366,1
voc/JPEGImages/20180706_052130934_iOS.jpg 637,716,1170,1299,1 2053,1099,2586,1624,1 0,716,179,1082,1
voc/JPEGImages/20180706_051526930_iOS.jpg 1478,641,2095,1232,0
