voc/JPEGImages/20180706_051304527_iOS.jpg 1303,1207,1753,1699,0
voc/JPEGImages/20180706_051311556_iOS.jpg 1570,1149,2120,1699,0
voc/JPEGImages/20180706_051316132_iOS.jpg 1570,1249,2070,1732,0
voc/JPEGImages/20180706_051323835_iOS.jpg 1270,1082,1803,1682,0
voc/JPEGImages/20180706_051328786_iOS.jpg 1020,1049,1920,1974,0
voc/JPEGImages/20180706_051331419_iOS.jpg 1253,783,1920,1474,0
voc/JPEGImages/20180706_051331869_iOS.jpg 1278,774,1936,1416,0
voc/JPEGImages/20180706_051336187_iOS.jpg 1620,458,2403,1382,0
voc/JPEGImages/20180706_051339520_iOS.jpg 1312,1649,2203,2449,0
voc/JPEGImages/20180706_051342186_iOS.jpg 1703,1132,2386,1932,0
voc/JPEGImages/20180706_051350387_iOS.jpg 1328,683,2345,1741,0
voc/JPEGImages/20180706_051359895_iOS.jpg 1362,866,2320,1799,0
voc/JPEGImages/20180706_051405763_iOS.jpg 1370,908,2436,1999,0
voc/JPEGImages/20180706_051410799_iOS.jpg 753,733,1120,1082,0
voc/JPEGImages/20180706_051419289_iOS.jpg 1028,666,1453,1091,0 2378,516,2719,866,0
voc/JPEGImages/20180706_051428977_iOS.jpg 229,1049,537,1382,0 2370,1107,2861,1557,0
voc/JPEGImages/20180706_051445129_iOS.jpg 170,833,687,1316,0 1320,883,1811,1357,0 2503,949,2994,1416,0
voc/JPEGImages/20180706_051454930_iOS.jpg 637,1199,1003,1591,0 1412,1266,1686,1541,0 2153,1291,2411,1566,0
voc/JPEGImages/20180706_051458500_iOS.jpg 745,1182,1020,1491,0 1470,1216,1745,1491,0 2186,1224,2453,1482,0
voc/JPEGImages/20180706_051502559_iOS.jpg 0,499,287,1008,0 1253,491,1820,1049,0
voc/JPEGImages/20180706_051507150_iOS.jpg 1178,183,2195,1066,0 2253,174,2769,666,0
voc/JPEGImages/20180706_051515745_iOS.jpg 653,1266,1087,1724,0 1287,1449,1770,1966,0 1970,1766,2719,2624,0
voc/JPEGImages/20180706_051519153_iOS.jpg 753,1332,1170,1816,0 1353,1541,1828,2049,0 1978,1807,2736,2649,0
voc/JPEGImages/20180706_051526930_iOS.jpg 1478,641,2095,1232,0
voc/JPEGImages/20180706_051529165_iOS.jpg 1328,233,2078,924,0
voc/JPEGImages/20180706_051532124_iOS.jpg 703,149,1453,1141,0
voc/JPEGImages/20180706_051540027_iOS.jpg 1153,1066,1845,1682,0
voc/JPEGImages/20180706_051543995_iOS.jpg 1195,91,1970,833,0
voc/JPEGImages/20180706_051547129_iOS.jpg 1328,233,2036,983,0
voc/JPEGImages/20180706_051607879_iOS.jpg 1187,1174,1736,1866,0
voc/JPEGImages/20180706_051609396_iOS.jpg 1153,1191,1753,1782,0
voc/JPEGImages/20180706_051615487_iOS.jpg 995,1099,1753,1816,0
voc/JPEGImages/20180706_051623666_iOS.jpg 1237,1399,1986,2065,0
voc/JPEGImages/20180706_051630872_iOS.jpg 1345,1299,2253,2165,0
voc/JPEGImages/20180706_051636911_iOS.jpg 1345,708,2011,1424,0
voc/JPEGImages/20180706_051643664_iOS.jpg 1003,799,1903,1474,0
voc/JPEGImages/20180706_051649828_iOS.jpg 1145,1382,1920,2249,0
voc/JPEGImages/20180706_051659187_iOS.jpg 1020,1032,1620,1574,0
voc/JPEGImages/20180706_051702456_iOS.jpg 1437,1449,2286,2224,0
voc/JPEGImages/20180706_051706476_iOS.jpg 662,1866,1303,2432,0 1828,408,2261,924,0
voc/JPEGImages/20180706_051750935_iOS.jpg 462,1616,953,2099,1 2011,833,2411,1174,1
voc/JPEGImages/20180706_051754704_iOS.jpg 1187,999,1636,1532,1
voc/JPEGImages/20180706_051801647_iOS.jpg 1362,1199,1853,1666,1
voc/JPEGImages/20180706_051806132_iOS.jpg 1462,1174,2361,2065,1
voc/JPEGImages/20180706_051809667_iOS.jpg 1228,608,1886,1316,1
voc/JPEGImages/20180706_051812501_iOS.jpg 1203,1041,1820,1816,1
voc/JPEGImages/20180706_051816067_iOS.jpg 1736,583,2669,1499,1
voc/JPEGImages/20180706_051818459_iOS.jpg 1636,1049,2278,1666,1
voc/JPEGImages/20180706_051824571_iOS.jpg 1003,749,2703,2115,1
voc/JPEGImages/20180706_051837025_iOS.jpg 545,216,1253,1099,1
voc/JPEGImages/20180706_051840827_iOS.jpg 2011,333,2619,1132,1
voc/JPEGImages/20180706_051845287_iOS.jpg 1053,1149,1786,1941,1
voc/JPEGImages/20180706_051847638_iOS.jpg 1003,1132,1703,1907,1
voc/JPEGImages/20180706_051851906_iOS.jpg 495,1482,1303,2399,1
voc/JPEGImages/20180706_051854114_iOS.jpg 412,783,1153,1657,1
voc/JPEGImages/20180706_051906214_iOS.jpg 1412,1266,1920,1866,1
voc/JPEGImages/20180706_051923467_iOS.jpg 1120,1099,1678,1666,1
voc/JPEGImages/20180706_051929613_iOS.jpg 1337,1332,2070,1966,1
voc/JPEGImages/20180706_051932450_iOS.jpg 1103,924,1753,1649,1
voc/JPEGImages/20180706_051939056_iOS.jpg 1003,1366,1678,2065,1
voc/JPEGImages/20180706_052112907_iOS.jpg 1053,949,1770,1757,1
voc/JPEGImages/20180706_052116648_iOS.jpg 970,966,1753,1882,1
voc/JPEGImages/20180706_052120707_iOS.jpg 1203,1466,1961,2215,1
voc/JPEGImages/20180706_052126006_iOS.jpg 970,1641,1611,2207,1
voc/JPEGImages/20180706_052126615_iOS.jpg 978,1716,1670,2324,1
voc/JPEGImages/20180706_052130934_iOS.jpg 637,716,1170,1299,1 2053,1099,2586,1624,1 0,716,179,1082,1
voc/JPEGImages/20180706_052135110_iOS.jpg 720,1216,1303,1782,1 2153,999,2703,1524,1
voc/JPEGImages/20180706_052140176_iOS.jpg 137,966,753,1466,1 1453,974,1936,1491,1 2336,899,2853,1366,1
voc/JPEGImages/20180706_052143509_iOS.jpg 204,766,853,1466,1 1387,908,2036,1632,1
voc/JPEGImages/20180706_052147434_iOS.jpg 154,1341,1153,2182,1 1811,758,2470,1499,1 2486,558,3019,1116,1
voc/JPEGImages/20180706_052150360_iOS.jpg 1437,908,2228,1757,0
voc/JPEGImages/20180706_052153613_iOS.jpg 1078,883,1745,1607,0
voc/JPEGImages/20180706_052156288_iOS.jpg 787,824,1653,1799,0
voc/JPEGImages/20180706_052200480_iOS.jpg 1653,824,2220,1432,0
voc/JPEGImages/20180706_052203831_iOS.jpg 1087,633,1970,1499,1 2445,483,3019,1182,1
voc/JPEGImages/20180706_052206598_iOS.jpg 12,899,670,1591,1 1162,716,1720,1316,1 2295,608,2744,1066,1
voc/JPEGImages/20180706_052209706_iOS.jpg 1870,958,2553,1574,1 20,733,504,1216,1
voc/JPEGImages/20180706_052213731_iOS.jpg 1320,1366,1695,1699,1 279,1624,603,1932,1
voc/JPEGImages/20180706_052214431_iOS.jpg 837,1341,1162,1657,1 70,1566,454,1941,1 1828,1132,2195,1566,1
voc/JPEGImages/20180706_052216156_iOS.jpg 312,1082,770,1507,1 1087,941,1453,1382,1 1970,891,2311,1224,1
voc/JPEGImages/20180706_052218156_iOS.jpg 670,1291,1145,1732,1 1711,1241,2128,1649,1 2503,1132,2919,1582,1
voc/JPEGImages/20180706_052222598_iOS.jpg 1636,933,2669,1982,1 1153,383,1861,1149,1 962,283,1412,749,1 820,133,1153,416,1
voc/JPEGImages/20180706_052228131_iOS.jpg 1720,1257,2403,2065,1 787,283,1387,1016,1 229,0,803,399,1
voc/JPEGImages/20180706_052230906_iOS.jpg 1287,1149,2170,2132,1 770,41,1195,566,1
voc/JPEGImages/20180706_052245017_iOS.jpg 1503,599,2161,1407,0
voc/JPEGImages/20180706_053109875_iOS.jpg 578,1332,1370,2016,1
voc/JPEGImages/20180706_053111843_iOS.jpg 662,1682,1462,2524,1
voc/JPEGImages/20180706_053113411_iOS.jpg 812,1399,1753,2324,1
voc/JPEGImages/20180706_053115380_iOS.jpg 845,1449,1512,2099,1
voc/JPEGImages/20180706_053118284_iOS.jpg 937,1332,1670,2016,1
voc/JPEGImages/20180706_053122623_iOS.jpg 1603,1349,2403,2074,1
voc/JPEGImages/20180706_053124758_iOS.jpg 1420,1157,2186,1849,1
voc/JPEGImages/20180706_053127361_iOS.jpg 1212,1149,1970,1907,1
voc/JPEGImages/20180706_053130698_iOS.jpg 1362,1299,1986,1816,1
voc/JPEGImages/20180706_053132999_iOS.jpg 1320,1166,1870,1732,1
voc/JPEGImages/20180706_053134466_iOS.jpg 1303,1291,1928,1882,1
voc/JPEGImages/20180706_053136901_iOS.jpg 1345,1232,1903,1849,1
voc/JPEGImages/20180706_053142771_iOS.jpg 1137,1566,1778,2140,1
voc/JPEGImages/20180706_053149442_iOS.jpg 953,1424,1512,2016,1
voc/JPEGImages/20180706_053151677_iOS.jpg 837,1232,1395,1882,1
voc/JPEGImages/20180706_053153578_iOS.jpg 1028,1016,1661,1724,1
voc/JPEGImages/20180706_053156314_iOS.jpg 1570,1049,2361,1866,1
voc/JPEGImages/20180706_053200050_iOS.jpg 1195,1349,2070,2199,1
voc/JPEGImages/20180706_053204354_iOS.jpg 970,1157,1745,2149,1
voc/JPEGImages/20180706_053222355_iOS.jpg 853,1174,1536,1807,1
voc/JPEGImages/20180706_053224990_iOS.jpg 995,1432,1611,2016,1
voc/JPEGImages/20180706_053226959_iOS.jpg 1070,849,2003,1882,1
voc/JPEGImages/20180706_053229261_iOS.jpg 653,1174,1353,1874,1
voc/JPEGImages/20180706_053231429_iOS.jpg 762,1282,1437,1966,1
voc/JPEGImages/20180706_053231896_iOS.jpg 803,1366,1453,2016,1
voc/JPEGImages/20180706_053234432_iOS.jpg 720,1607,1487,2407,1
voc/JPEGImages/20180706_053236200_iOS.jpg 1020,1249,2111,2149,1
voc/JPEGImages/20180706_053237635_iOS.jpg 1178,1182,2061,1999,1
voc/JPEGImages/20180706_053245963_iOS.jpg 1053,1232,1470,1674,1 1645,1849,2003,2132,1 2569,8,2928,366,1
voc/JPEGImages/20180706_053247297_iOS.jpg 1053,1274,1553,1707,1 1570,1766,1986,2182,1 2436,0,2903,333,1
voc/JPEGImages/20180706_053248732_iOS.jpg 837,1341,1353,1849,1 2520,0,2936,241,1
voc/JPEGImages/20180706_053250300_iOS.jpg 1320,1291,1770,1724,1 2536,0,2961,266,1 1745,2749,2111,3024,1
voc/JPEGImages/20180706_053252035_iOS.jpg 1053,841,1553,1299,1 2594,0,3003,399,1
voc/JPEGImages/IMG_rot4685.jpg 1624,641,2332,1299,1
voc/JPEGImages/IMG_rot4686.jpg 1474,1132,2265,1807,1
voc/JPEGImages/IMG_rot4687.jpg 1824,941,2615,1649,1
voc/JPEGImages/IMG_rot4688.jpg 1466,983,2265,1657,1
voc/JPEGImages/IMG_rot4689.jpg 1566,1116,2290,1791,1
voc/JPEGImages/IMG_rot4690.jpg 1499,933,2315,1616,1
voc/JPEGImages/IMG_rot4691.jpg 1766,816,2624,1566,1
voc/JPEGImages/IMG_rot4692.jpg 1507,641,2482,1524,1
voc/JPEGImages/IMG_rot4693.jpg 1516,749,2332,1474,1
voc/JPEGImages/IMG_rot4694.jpg 1391,791,2174,1474,1
voc/JPEGImages/IMG_rot4695.jpg 1566,1049,2132,1591,1
voc/JPEGImages/IMG_rot4696.jpg 1691,874,2274,1474,1
voc/JPEGImages/IMG_rot4697.jpg 1482,899,2274,1724,1
voc/JPEGImages/IMG_rot4698.jpg 1341,783,2024,1507,1
voc/JPEGImages/IMG_rot4699.jpg 1524,883,2090,1482,1
voc/JPEGImages/IMG_rot4700.jpg 1391,899,2390,1657,1
voc/JPEGImages/IMG_rot4701.jpg 1441,574,2449,1449,1
voc/JPEGImages/IMG_rot4702.jpg 1241,891,2057,1741,1
voc/JPEGImages/IMG_rot4703.jpg 1507,466,2399,1349,1
voc/JPEGImages/IMG_rot4704.jpg 1557,549,2357,1474,1
voc/JPEGImages/IMG_rot4705.jpg 1374,583,2324,1557,0
voc/JPEGImages/IMG_rot4706.jpg 1357,583,2340,1566,0
voc/JPEGImages/IMG_rot4707.jpg 1674,899,2449,1649,0
voc/JPEGImages/IMG_rot4708.jpg 1382,899,2165,1699,0
voc/JPEGImages/IMG_rot4709.jpg 1366,899,2274,1632,0
voc/JPEGImages/IMG_rot4710.jpg 1391,933,2315,1757,0
voc/JPEGImages/IMG_rot4711.jpg 1349,783,2240,1557,0
voc/JPEGImages/IMG_rot4712.jpg 1382,899,2240,1666,0
voc/JPEGImages/IMG_rot4713.jpg 1432,716,2174,1516,0
voc/JPEGImages/IMG_rot4714.jpg 1316,983,2040,1699,0
voc/JPEGImages/IMG_rot4715.jpg 1232,583,2157,1541,0
voc/JPEGImages/IMG_rot4716.jpg 1291,783,2090,1632,0
voc/JPEGImages/IMG_rot4717.jpg 1282,858,2107,1682,0
voc/JPEGImages/IMG_rot4718.jpg 1374,916,2240,1782,0
voc/JPEGImages/IMG_rot4719.jpg 1382,758,2290,1741,0
voc/JPEGImages/IMG_rot4720.jpg 1499,833,2307,1616,1
voc/JPEGImages/IMG_rot4721.jpg 1532,874,2174,1707,1
voc/JPEGImages/IMG_rot4722.jpg 1199,858,2099,1774,1
voc/JPEGImages/IMG_rot4723.jpg 1341,758,2040,1491,1
voc/JPEGImages/IMG_rot4724.jpg 1457,758,2174,1516,1
voc/JPEGImages/IMG_rot4725.jpg 1182,991,2140,1832,0
voc/JPEGImages/IMG_rot4726.jpg 1257,908,2207,1707,0
voc/JPEGImages/IMG_rot4727.jpg 1299,916,1991,1749,0
voc/JPEGImages/IMG_rot4728.jpg 1157,1074,2074,1874,0
voc/JPEGImages/IMG_rot4729.jpg 924,591,1974,1616,0
voc/JPEGImages/IMG_rot4730.jpg 1366,1182,2074,1849,1
voc/JPEGImages/IMG_rot4731.jpg 1374,591,2407,1632,1
voc/JPEGImages/IMG_rot4732.jpg 1391,766,2457,1616,1
voc/JPEGImages/IMG_rot4733.jpg 1024,458,2157,1532,1
voc/JPEGImages/IMG_rot4734.jpg 1041,608,2124,1566,1
voc/JPEGImages/IMG_rotate4851_r.jpg 42,440,210,611,0 695,440,880,611,0
voc/JPEGImages/IMG_rotate4852_r.jpg 53,625,213,801,0 676,592,860,774,0
voc/JPEGImages/IMG_rotate4853_r.jpg 260,415,376,523,0 502,424,615,539,0
voc/JPEGImages/IMG_rotate4854_r.jpg 623,512,808,699,0 86,413,199,523,0
voc/JPEGImages/IMG_rotate4855_r.jpg 84,435,219,548,0 629,534,871,735,0
voc/JPEGImages/IMG_rotate4856_r.jpg 166,644,376,834,0 585,479,706,589,0
voc/JPEGImages/IMG_rotate4857_r.jpg 144,396,406,650,0 582,369,805,600,0
voc/JPEGImages/IMG_rotate4858_r.jpg 348,487,450,589,0 579,487,690,589,0
voc/JPEGImages/IMG_rotate4859_r.jpg 309,528,409,622,0 582,512,690,617,0
voc/JPEGImages/IMG_rotate4860_r.jpg 243,589,337,691,0 524,573,623,672,0
voc/JPEGImages/IMG_rotate4861_r.jpg 213,617,331,721,0 596,589,714,713,0
voc/JPEGImages/IMG_rotate4862_r.jpg 276,559,398,677,0 582,534,706,677,0
voc/JPEGImages/IMG_rotate4863_r.jpg 172,517,263,614,0 723,622,880,787,0
voc/JPEGImages/IMG_rotate4864_r.jpg 180,512,271,611,0 618,633,769,807,0
voc/JPEGImages/IMG_rotate4865_r.jpg 213,666,376,831,0 805,479,907,586,0
voc/JPEGImages/IMG_rotate4866_r.jpg 100,592,221,716,0 574,512,676,611,0
voc/JPEGImages/IMG_rotate4867_r.jpg 128,644,293,801,0 692,617,866,793,0
voc/JPEGImages/IMG_rotate4868_r.jpg 238,545,337,636,1 439,528,530,633,1
voc/JPEGImages/IMG_rotate4869_r.jpg 155,650,274,763,1 541,584,657,688,1
voc/JPEGImages/IMG_rotate4870_r.jpg 194,564,329,683,1 552,550,676,669,1
voc/JPEGImages/IMG_rotate4871_r.jpg 169,567,298,705,1 590,517,720,666,1
voc/JPEGImages/IMG_rotate4872_r.jpg 106,680,243,820,1 596,575,706,685,1
voc/JPEGImages/IMG_rotate4873_r.jpg 106,622,290,787,1 486,617,665,804,1
voc/JPEGImages/IMG_rotate4874_r.jpg 122,683,276,831,1 577,650,753,823,1
voc/JPEGImages/IMG_rotate4875_r.jpg 274,584,378,666,1 505,570,601,677,1
voc/JPEGImages/IMG_rotate4876_r.jpg 119,603,241,721,1 522,534,621,639,1
voc/JPEGImages/IMG_rotate4877_r.jpg 249,650,365,749,1 494,639,612,760,1
voc/JPEGImages/IMG_rotate4878_r.jpg 331,556,458,677,1 544,644,745,870,1
voc/JPEGImages/IMG_rotate4880_r.jpg 169,622,359,787,1 557,592,742,801,1
voc/JPEGImages/IMG_rotate4881_r.jpg 257,537,398,669,1 596,564,803,776,1
voc/JPEGImages/IMG_rotate4882_r.jpg 28,699,155,840,1 819,630,949,785,1
voc/JPEGImages/IMG_rotate4883_r.jpg 359,454,447,548,1 544,454,668,556,1
voc/JPEGImages/IMG_rotate4884_r.jpg 356,479,431,573,1 524,534,662,650,1
voc/JPEGImages/IMG_rotate4885_r.jpg 340,550,442,663,1 519,545,668,666,1
voc/JPEGImages/IMG_rotate4886_r.jpg 263,523,381,641,1 497,523,646,633,1
voc/JPEGImages/IMG_rotate4887_r.jpg 249,707,381,842,1 549,581,679,696,1
voc/JPEGImages/IMG_rotate4888_r.jpg 265,584,359,691,1 533,688,712,840,1
voc/JPEGImages/IMG_rotate4889_r.jpg 177,617,348,804,1 425,611,651,790,1
voc/JPEGImages/IMG_rotate4890_r.jpg 177,592,370,763,1 475,592,703,771,1
voc/JPEGImages/IMG_rotate4891_r.jpg 298,495,422,595,0 480,493,588,589,0
voc/JPEGImages/IMG_rotate4892_r.jpg 194,564,331,688,0 480,506,574,606,0
voc/JPEGImages/IMG_rotate4893_r.jpg 213,595,351,705,0 466,567,579,683,0
voc/JPEGImages/IMG_rotate4894_r.jpg 296,498,417,597,0 519,528,637,658,0
voc/JPEGImages/IMG_rotate4895_r.jpg 152,677,342,842,0 563,669,728,842,0
voc/JPEGImages/IMG_rotate4896_r.jpg 196,506,469,754,0 629,501,852,738,0
voc/JPEGImages/IMG_rotate4897_r.jpg 227,534,373,683,0 607,561,808,771,0
voc/JPEGImages/IMG_rotate4898_r.jpg 95,636,199,730,0 351,661,455,763,0
voc/JPEGImages/IMG_rotate4899_r.jpg 50,595,172,710,0 800,556,924,666,0
voc/JPEGImages/IMG_rotate4900_r.jpg 232,515,395,677,0 623,490,792,655,0
